model,gender,education,politics,standpointNum,reasoning,opposingstandpoint,opposingviewpoint,counterargument,counterargheard,responsetocounter
llama-3.1-8b-instant,Male,"Some college, no degree",Conservative,3,"I'm choosing to say that gun control laws should be less strict because I believe in the Second Amendment and think that it's up to individuals to decide how to protect themselves and their families, not the government. I don't think more regulations would make a difference in preventing mass shootings, but rather would infringe on law-abiding citizens' rights to bear arms.",2,"Current laws are viewed as sufficient if properly enforced, while concerns are expressed that additional restrictions impede self-defense for law-abiding citizens, suggesting that efforts should be directed toward mental health and criminal prevention rather than increasing bureaucratic hurdles for responsible owners.","I don't think that just 'properly enforcing' the current laws is gonna cut it, 'cause like, we've been saying that for years and mass shootings keep happenin'. If we're just talkin' about enforcement, then maybe we should be lookin' at why these laws aren't bein' enforced effectively in the first place, rather than just sayin' they're good enough.",Alternative self-defense methods and community-based initiatives are considered safer and effective substitutes for firearm ownership.,"""Look, I understand what you're sayin', but I gotta disagree. Most folks in my neighborhood, we can't afford martial arts classes or community watch programs, and we're supposed to rely on those as our primary means of self-defense? That's just not realistic."""
llama-3.1-8b-instant,Male,College graduate/some postgrad,Liberal,1,"I've chosen to support stricter gun control laws because I believe that the current system, which allows individuals to purchase high-capacity magazines and assault-style rifles with relative ease, is a recipe for disaster and puts innocent lives at risk. As a society, I think we have a responsibility to take proactive steps to prevent gun violence and protect our communities.",3,Personal and family protection is considered an individual responsibility that is hindered by restrictive gun control measures.,"I understand that personal and family protection is a concern for many individuals, but I would argue that this responsibility is not solely dependent on the availability of firearms, and that there are alternative, safer methods for self-defense such as pepper spray, alarm systems, and community-based initiatives that can be just as effective without putting innocent lives at risk.","It is maintained that restrictive gun control has historically disarmed marginalized communities, leaving them vulnerable to crime and inadequate police response, and that Second Amendment rights should be preserved to ensure individual safety and self-reliance.","""I understand the concern that restrictive gun control measures may disproportionately affect marginalized communities, but I believe that this argument is often used as a straw man to justify the status quo, rather than addressing the root issues of systemic inequality and lack of access to resources and opportunities. Furthermore, I think it's misguided to equate Second Amendment rights with individual safety and self-reliance, given that the majority of gun deaths in the U.S. are actually self-inflicted or committed by individuals with a history of mental health issues, rather than by law-abiding citizens protecting themselves from crime."""
openai/gpt-oss-120b,Male,College graduate/some postgrad,Very liberal,1,"As a liberal-educated participant, I believe stricter gun control is essential to curb gun violence, protect public safety, and address systemic inequities that disproportionately affect marginalized communities.",2,"Current laws are viewed as sufficient if properly enforced, while concerns are expressed that additional restrictions impede self-defense for law-abiding citizens, suggesting that efforts should be directed toward mental health and criminal prevention rather than increasing bureaucratic hurdles for responsible owners.","While proper enforcement is essential, the reality is that existing loopholes—such as the “gun show” and “private sale” exemptions—allow millions of high‑risk firearms to slip through without background checks, so merely tightening enforcement cannot compensate for the systemic gaps that let dangerous weapons reach people who should never have them. Moreover, expanding comprehensive, evidence‑based restrictions (e.g., universal background checks, safe‑storage mandates, and red‑flag laws) has been shown to reduce suicide and mass‑shooting rates without infringing on lawful self‑defense, making them a necessary complement—not a replacement—to any mental‑health or crime‑prevention initiatives.","It is maintained that restrictive gun control has historically disarmed marginalized communities, leaving them vulnerable to crime and inadequate police response, and that Second Amendment rights should be preserved to ensure individual safety and self-reliance.","I hear the concern that gun restrictions have historically been weaponized against marginalized groups, but evidence shows that comprehensive background checks, safe‑storage laws, and community‑based violence‑interruption programs reduce homicide rates without stripping law‑abiding citizens of self‑defense, ultimately making neighborhoods—especially those already over‑policed—safer for everyone."
gemini-3-flash-preview,Female,High school graduate,Conservative,2,"I believe our current laws are sufficient if they are actually enforced, and I worry that more restrictions would only make it harder for law-abiding citizens like me to protect my family. We should focus on mental health and keeping guns away from criminals instead of adding more red tape for responsible owners.",3,The enforcement of existing laws and the addressing of mental health are prioritized over the creation of new restrictive legislation.,"While I agree with that focus, I worry that ""addressing mental health"" could become a vague excuse for the government to unfairly flag law-abiding citizens and violate our privacy rights without due process. We also have to make sure that ""enforcement"" doesn't just become a way for the government to overreach and add more red tape for responsible owners like me.",It is argued that current enforcement is insufficient to stop mass shootings and that systemic loopholes must be addressed through comprehensive new legislative restrictions.,"I understand the concern, but if the current laws aren't being enforced correctly, I don't see how adding more complicated rules will stop people who already plan to break the law. We should focus on closing those specific gaps and fixing our mental health system instead of creating more hurdles for responsible owners who just want to protect their families."
gemini-3-flash-preview,Male,College graduate/some postgrad,Conservative,3,"I believe that many current regulations infringe upon the Second Amendment rights of law-abiding citizens without effectively deterring criminals who ignore the law anyway. Instead of adding more restrictive layers, we should focus on protecting individual liberties and ensuring citizens can adequately provide for their own self-defense.",1,Enhanced firearm regulations are seen as a means to address systemic inequities and protect marginalized communities from disproportionate harm.,"Historically, restrictive gun control has often been used as a tool to disarm marginalized communities, leaving them vulnerable in high-crime areas where police response times may be inadequate. Instead of more regulations, we should ensure these citizens have the legal means to exercise their Second Amendment rights to provide for their own safety and self-reliance.",Increased enforcement is viewed as a potential source of unnecessary bureaucratic burdens for responsible gun owners.,That’s exactly why I’m concerned; adding more layers of enforcement typically results in administrative red tape that only hinders law-abiding citizens while failing to address those who disregard the law entirely. We should be streamlining the process for responsible owners to exercise their constitutional rights rather than creating more bureaucratic obstacles.
gemini-3-flash-preview,Female,College graduate/some postgrad,Very conservative,3,"As a firm believer in the Second Amendment, I believe that many current regulations only serve to hinder the ability of law-abiding citizens to protect themselves and their families. We should focus on enforcing existing laws and addressing mental health rather than imposing further restrictions that infringe upon our constitutional rights.",2,"Current laws are viewed as sufficient if properly enforced, while concerns are expressed that additional restrictions impede self-defense for law-abiding citizens, suggesting that efforts should be directed toward mental health and criminal prevention rather than increasing bureaucratic hurdles for responsible owners.","While I agree that we shouldn't add new hurdles, I would argue that many current laws are already unconstitutionally restrictive and should be repealed rather than simply ""enforced."" Furthermore, we must ensure that focusing on mental health doesn't become a pretext for ""red flag"" laws that strip law-abiding citizens of their due process and fundamental rights.","Government overreach, privacy violations, and the erosion of due process are feared as potential consequences of mental health-focused regulations.","I completely agree that we must be vigilant against government overreach, which is why any mental health initiatives must include strict judicial oversight and robust due process protections to prevent abuse. However, it is far more effective to focus on those specific, high-risk individuals through a fair legal framework than to impose sweeping restrictions that infringe upon the Second Amendment rights of all law-abiding citizens."
