[1] "Nuclear power 4, Random"
[1] "Empty"
[1] 0.08
[1] 0.5
[1] 0.58
[1] 0.02
[1] 0
[1] 0
[1] 0
[1] 0
[1] 0
[1] 0
[1] 0
[1] 0
[1] "Mean"
[1] 0.6956329
[1] 0.6260667
[1] 0.6734286
[1] 0.7248384
[1] 0.8293333
[1] 0.7837241
[1] 0.7930345
[1] 0.8136782
[1] 0.8423158
[1] 0.8406842
[1] 0.8341579
[1] 0.8601053
[1] "SD"
[1] 0.09932587
[1] 0.1062646
[1] 0.1188125
[1] 0.1051701
[1] 0.0384524
[1] 0.05273547
[1] 0.04179152
[1] 0.04762843
[1] 0.02760081
[1] 0.03477905
[1] 0.03891486
[1] 0.03424143
[1] "N"
[1] 1035
[1] 300
[1] 210
[1] 1176
[1] 435
[1] 435
[1] 435
[1] 435
[1] 190
[1] 190
[1] 190
[1] 190
[1] "Nuclear Power 3, Random"
[1] "Empty"
[1] 0.02
[1] 0.16
[1] 0.16
[1] 0
[1] 0
[1] 0
[1] 0
[1] 0
[1] 0
[1] "Mean"
[1] 0.7109694
[1] 0.6554936
[1] 0.6923345
[1] 0.8377471
[1] 0.8133333
[1] 0.8315172
[1] 0.8516316
[1] 0.8491579
[1] 0.8728421
[1] "SD"
[1] 0.09040756
[1] 0.107372
[1] 0.1230003
[1] 0.03889583
[1] 0.04944547
[1] 0.03570226
[1] 0.02752529
[1] 0.035476
[1] 0.0284396
[1] "N"
[1] 1176
[1] 861
[1] 861
[1] 435
[1] 435
[1] 435
[1] 190
[1] 190
[1] 190
[1] "Nuclear Power 3, Individual"
[1] "Empty"
[1] 0.02
[1] 0.12
[1] 0.16
[1] 0
[1] 0
[1] 0
[1] 0
[1] 0
[1] 0
[1] "Mean"
[1] 0.7149448
[1] 0.7105285
[1] 0.7357607
[1] 0.8610575
[1] 0.8238621
[1] 0.8268276
[1] 0.8913158
[1] 0.8725789
[1] 0.8660526
[1] "SD"
[1] 0.1085363
[1] 0.07659649
[1] 0.08090927
[1] 0.02907616
[1] 0.03930009
[1] 0.03738645
[1] 0.02176972
[1] 0.02576207
[1] 0.02954142
[1] "N"
[1] 1177
[1] 946
[1] 861
[1] 435
[1] 435
[1] 435
[1] 190
[1] 190
[1] 190
[1] "Gun Control, Stratified"
[1] "Empty"
[1] 0.02
[1] 0.12
[1] 0.32
[1] 0
[1] 0.34
[1] 0.04
[1] 0
[1] 0
[1] 0
[1] "Mean"
[1] 0.7240612
[1] 0.577583
[1] 0.6170945
[1] 0.761249
[1] 0.5614205
[1] 0.6940248
[1] 0.8604598
[1] 0.8058161
[1] 0.8331034
[1] "SD"
[1] 0.09010853
[1] 0.1335359
[1] 0.1104194
[1] 0.06551075
[1] 0.1190764
[1] 0.1108719
[1] 0.03172854
[1] 0.04072458
[1] 0.04224436
[1] "N"
[1] 1177
[1] 964
[1] 561
[1] 1225
[1] 528
[1] 1128
[1] 435
[1] 435
[1] 435
