[1] "Nuclear power 4, Random"
[1] "Empty"
[1] 0.1
[1] 0.48
[1] 0.62
[1] 0.02
[1] 0
[1] 0
[1] 0
[1] 0
[1] 0
[1] 0
[1] 0
[1] 0
[1] "Mean"
[1] 0.6932525
[1] 0.6270462
[1] 0.7403509
[1] 0.7416412
[1] 0.8446667
[1] 0.784069
[1] 0.7953333
[1] 0.8285517
[1] 0.8631579
[1] 0.8447895
[1] 0.8402105
[1] 0.8491579
[1] "SD"
[1] 0.109852
[1] 0.1378401
[1] 0.07898544
[1] 0.09028717
[1] 0.04476839
[1] 0.05073419
[1] 0.05015246
[1] 0.03804519
[1] 0.02734313
[1] 0.03070095
[1] 0.0366877
[1] 0.03107128
[1] "N"
[1] 990
[1] 325
[1] 171
[1] 1176
[1] 435
[1] 435
[1] 435
[1] 435
[1] 190
[1] 190
[1] 190
[1] 190
[1] "Nuclear Power 3, Random"
[1] "Empty"
[1] 0
[1] 0.24
[1] 0.26
[1] 0
[1] 0
[1] 0
[1] 0
[1] 0
[1] 0
[1] "Mean"
[1] 0.7556816
[1] 0.6918881
[1] 0.7621922
[1] 0.8467586
[1] 0.8168276
[1] 0.8164138
[1] 0.8518947
[1] 0.8507895
[1] 0.8603684
[1] "SD"
[1] 0.07139286
[1] 0.1151138
[1] 0.07412446
[1] 0.0369808
[1] 0.03460182
[1] 0.03941407
[1] 0.03176617
[1] 0.03904831
[1] 0.03287577
[1] "N"
[1] 1225
[1] 715
[1] 666
[1] 435
[1] 435
[1] 435
[1] 190
[1] 190
[1] 190
[1] "Nuclear Power 3, Individual"
[1] "Empty"
[1] 0.02
[1] 0.12
[1] 0.16
[1] 0
[1] 0
[1] 0
[1] 0
[1] 0
[1] 0
[1] "Mean"
[1] 0.7149448
[1] 0.7105285
[1] 0.7357607
[1] 0.8610575
[1] 0.8238621
[1] 0.8268276
[1] 0.8913158
[1] 0.8725789
[1] 0.8660526
[1] "SD"
[1] 0.1085363
[1] 0.07659649
[1] 0.08090927
[1] 0.02907616
[1] 0.03930009
[1] 0.03738645
[1] 0.02176972
[1] 0.02576207
[1] 0.02954142
[1] "N"
[1] 1177
[1] 946
[1] 861
[1] 435
[1] 435
[1] 435
[1] 190
[1] 190
[1] 190
[1] "Gun Control, Stratified"
[1] "Empty"
[1] 0
[1] 0.36
[1] 0.24
[1] 0
[1] 0.28
[1] 0.02
[1] 0
[1] 0
[1] 0
[1] "Mean"
[1] 0.7998204
[1] 0.5697984
[1] 0.6598862
[1] 0.7719755
[1] 0.6052381
[1] 0.7065136
[1] 0.8642529
[1] 0.7990575
[1] 0.8123678
[1] "SD"
[1] 0.05667936
[1] 0.1177103
[1] 0.1165432
[1] 0.06332443
[1] 0.1044321
[1] 0.08878042
[1] 0.03682792
[1] 0.05023249
[1] 0.04626265
[1] "N"
[1] 1225
[1] 496
[1] 703
[1] 1225
[1] 630
[1] 1176
[1] 435
[1] 435
[1] 435
